194.85	1215.738
195.11	1215.738
195.38	1215.738
195.65	-1599.170
195.91	511.429
196.18	-1810.762
196.45	674.290
196.71	675.360
196.98	9300.000
197.24	3557.627
197.51	-9002.439
197.78	5979.710
198.04	853.052
198.31	5036.364
198.58	2054.098
198.84	2186.842
199.11	-9160.465
199.37	-1310.135
199.64	-151.821
199.91	-134.788
200.17	-203.914
200.44	-270.352
200.71	-112.642
200.97	-238.442
201.24	-209.879
201.50	-160.818
201.77	-206.360
202.04	-156.086
202.30	-159.482
202.57	-341.280
202.83	-151.125
203.10	-161.262
203.37	-157.996
203.63	-140.172
203.90	-218.899
204.16	-194.072
204.43	-249.276
204.70	-197.379
204.96	-237.937
205.23	-189.463
205.49	-209.370
205.76	-132.743
206.02	-181.132
206.29	-182.284
206.56	-280.791
206.82	-185.548
207.09	-202.177
207.35	-173.915
207.62	-171.494
207.88	-143.005
208.15	-99.668
208.42	-254.153
208.68	-142.890
208.95	-167.859
209.21	-160.288
209.48	-160.099
209.74	-157.321
210.01	-149.568
210.28	-118.118
210.54	-166.843
210.81	-175.346
211.07	-154.878
211.34	-192.402
211.60	-168.571
211.87	-198.921
212.14	-186.806
212.40	-150.543
212.67	-105.483
212.93	-226.956
213.20	-141.220
213.46	-139.226
213.73	-134.615
213.99	-199.454
214.26	-236.857
214.52	-110.363
214.79	-162.856
215.06	-163.356
215.32	-273.766
215.59	-215.953
215.85	-247.826
216.12	-279.061
216.38	-227.948
216.65	-232.363
216.91	-153.438
217.18	-181.861
217.44	-138.066
217.71	-162.092
217.97	-197.297
218.24	-201.116
218.50	-248.815
218.77	-138.244
219.03	-211.218
219.30	-264.480
219.56	-155.590
219.83	-394.378
220.09	-252.762
220.36	-236.010
220.62	-140.970
220.89	-226.316
221.16	-111.212
221.42	-182.955
221.69	-283.525
221.95	-163.002
222.22	-101.023
222.48	-223.533
222.75	-211.245
223.01	-269.046
223.28	-177.195
223.54	-125.386
223.81	-124.162
224.07	-135.124
224.33	-187.462
224.60	-107.666
224.86	-240.600
225.13	-222.669
225.39	-159.377
225.66	-143.174
225.92	-209.095
226.19	-165.272
226.45	-159.598
226.72	-157.036
226.98	-257.063
227.25	-176.930
227.51	-168.484
227.78	-188.009
228.04	-240.286
228.31	-235.105
228.57	-237.539
228.84	-173.322
229.10	-147.664
229.37	-244.197
229.63	-131.446
229.89	-188.440
230.16	-166.592
230.42	-285.049
230.69	-139.722
230.95	-155.347
231.22	-212.978
231.48	-171.484
231.75	-221.281
232.01	-142.165
232.28	-151.819
232.54	-475.314
232.80	-149.566
233.07	-167.176
233.33	-258.730
233.60	-122.886
233.86	-176.273
234.13	-181.244
234.39	-196.028
234.66	-189.902
234.92	-172.162
235.18	-205.158
235.45	-217.697
235.71	-160.419
235.98	-188.527
236.24	-232.522
236.51	-225.682
236.77	-167.823
237.03	-145.388
237.30	-317.414
237.56	-158.968
237.83	-205.081
238.09	-249.263
238.36	-201.684
238.62	-145.175
238.88	-167.856
239.15	-236.845
239.41	-162.910
239.68	-153.830
239.94	-206.066
240.20	-221.484
240.47	-213.986
240.73	-156.701
241.00	-141.206
241.26	-294.351
241.52	-174.399
241.79	-180.848
242.05	-112.723
242.32	-184.515
242.58	-274.706
242.84	-271.612
243.11	-320.529
243.37	-137.641
243.64	-189.105
243.90	-220.884
244.16	-179.303
244.43	-224.045
244.69	-146.945
244.96	-137.178
245.22	-162.006
245.48	-134.900
245.75	-196.303
246.01	-146.173
246.27	-157.804
246.54	-186.993
246.80	-173.714
247.07	-208.495
247.33	-201.273
247.59	-134.009
247.86	-227.129
248.12	-243.506
248.38	-163.811
248.65	-226.670
248.91	-213.950
249.18	-211.398
249.44	-225.861
249.70	-126.636
249.97	-211.576
250.23	-183.845
250.49	-182.186
250.76	-198.154
251.02	-143.425
251.28	-201.050
251.55	-173.413
251.81	-130.652
252.07	-198.792
252.34	-203.439
252.60	-231.254
252.86	-133.375
253.13	-183.523
253.39	-130.292
253.65	-128.216
253.92	-226.104
254.18	-146.378
254.44	-206.605
254.71	-133.062
254.97	-176.985
255.23	-256.288
255.50	-191.405
255.76	-229.738
256.02	-151.920
256.29	-173.546
256.55	-136.247
256.81	-158.351
257.08	-161.028
257.34	-195.861
257.60	-182.843
257.87	-200.820
258.13	-184.024
258.39	-153.449
258.66	-164.931
258.92	-170.100
259.18	-191.268
259.45	-108.192
259.71	-181.702
259.97	-132.437
260.23	-168.925
260.50	-202.711
260.76	-154.390
261.02	-180.703
261.29	-152.510
261.55	-192.694
261.81	-232.672
262.08	-179.610
262.34	-196.539
262.60	-172.256
262.86	-200.216
263.13	-234.815
263.39	-194.201
263.65	-98.105
263.92	-152.187
264.18	-219.880
264.44	-186.543
264.70	-230.090
264.97	-199.379
265.23	-219.749
265.49	-197.479
265.76	-242.611
266.02	-153.226
266.28	-183.583
266.54	-173.178
266.81	-172.149
267.07	-210.421
267.33	-119.214
267.59	-229.282
267.86	-157.113
268.12	-145.934
268.38	-198.998
268.64	-217.016
268.91	-153.988
269.17	-127.635
269.43	-132.532
269.70	-204.619
269.96	-207.696
270.22	-250.529
270.48	-106.832
270.75	-176.426
271.01	-95.213
271.27	-140.781
271.53	-158.145
271.79	-170.752
272.06	-148.482
272.32	-175.085
272.58	-147.754
272.84	-125.056
273.11	-251.893
273.37	-167.658
273.63	-183.657
273.89	-108.885
274.16	-152.730
274.42	-187.770
274.68	-125.636
274.94	-163.065
275.21	-147.503
275.47	-93.560
275.73	-139.531
275.99	-129.553
276.25	-174.107
276.52	-135.615
276.78	-116.882
277.04	-99.525
277.30	-131.804
277.56	-140.517
277.83	-98.787
278.09	-142.955
278.35	-99.791
278.61	-138.917
278.88	-167.665
279.14	-123.929
279.40	-138.419
279.66	-138.149
279.92	-147.160
280.19	-89.774
280.45	-96.780
280.71	-96.807
280.97	-135.883
281.23	-132.698
281.50	-142.328
281.76	-162.616
282.02	-109.693
282.28	-88.103
282.54	-94.561
282.80	-153.501
283.07	-75.043
283.33	-120.557
283.59	-94.223
283.85	-111.239
284.11	-67.546
284.38	-146.894
284.64	-89.633
284.90	-85.372
285.16	-81.403
285.42	-94.888
285.68	-75.302
285.95	-74.081
286.21	-90.623
286.47	-87.885
286.73	-78.675
286.99	-96.668
287.25	-91.542
287.52	-70.071
287.78	-94.118
288.04	-75.527
288.30	-123.059
288.56	-94.999
288.82	-134.263
289.08	-122.654
289.35	-75.314
289.61	-121.051
289.87	-103.052
290.13	-136.947
290.39	-87.586
290.65	-146.601
290.91	-104.526
291.18	-129.467
291.44	-99.579
291.70	-140.206
291.96	-93.704
292.22	-102.925
292.48	-96.229
292.74	-113.077
293.01	-132.345
293.27	-136.983
293.53	-104.632
293.79	-118.392
294.05	-110.128
294.31	-112.015
294.57	-121.997
294.83	-91.453
295.10	-177.451
295.36	-71.700
295.62	-142.067
295.88	-139.165
296.14	-123.467
296.40	-81.668
296.66	-144.872
296.92	-108.539
297.18	-153.047
297.45	-97.663
297.71	-110.141
297.97	-117.572
298.23	-94.528
298.49	-133.626
298.75	-139.835
299.01	-130.534
299.27	-135.184
299.53	-114.911
299.79	-119.684
300.06	-101.713
300.32	-83.954
300.58	-115.961
300.84	-163.169
301.10	-133.959
301.36	-64.806
301.62	-126.772
301.88	-141.910
302.14	-113.403
302.40	-92.017
302.66	-130.375
302.92	-114.528
303.19	-124.274
303.45	-104.543
303.71	-185.500
303.97	-115.622
304.23	-99.665
304.49	-90.281
304.75	-109.173
305.01	-112.354
305.27	-84.964
305.53	-103.032
305.79	-92.867
306.05	-132.500
306.31	-138.721
306.57	-100.476
306.83	-100.244
307.09	-171.294
307.36	-99.663
307.62	-70.223
307.88	-111.386
308.14	-86.301
308.40	-118.526
308.66	-134.162
308.92	-142.929
309.18	-107.356
309.44	-150.514
309.70	-119.760
309.96	-106.805
310.22	-116.539
310.48	-113.335
310.74	-142.329
311.00	-126.119
311.26	-91.301
311.52	-131.143
311.78	-107.713
312.04	-124.984
312.30	-102.290
312.56	-153.633
312.82	-142.662
313.08	-81.349
313.34	-102.078
313.60	-103.427
313.86	-131.087
314.12	-114.548
314.38	-134.636
314.64	-101.400
314.90	-113.163
315.16	-176.256
315.42	-131.551
315.68	-103.427
315.94	-113.304
316.20	-151.505
316.46	-128.403
316.72	-114.893
316.98	-82.275
317.24	-94.041
317.50	-110.277
317.76	-124.915
318.02	-80.626
318.28	-127.842
318.54	-92.395
318.80	-105.144
319.06	-128.334
319.32	-118.292
319.58	-118.758
319.84	-117.622
320.10	-91.834
320.36	-98.829
320.62	-83.080
320.88	-119.261
321.14	-111.754
321.40	-127.663
321.66	-112.033
321.92	-108.668
322.18	-94.569
322.44	-142.997
322.70	-101.693
322.96	-105.912
323.22	-98.594
323.48	-121.288
323.74	-87.950
324.00	-92.474
324.26	-101.816
324.52	-169.696
324.78	-91.468
325.04	-168.060
325.30	-140.554
325.56	-112.287
325.82	-147.742
326.08	-151.288
326.34	-89.645
326.59	-89.633
326.85	-140.477
327.11	-83.295
327.37	-127.951
327.63	-133.747
327.89	-107.499
328.15	-112.364
328.41	-135.088
328.67	-117.193
328.93	-166.300
329.19	-131.581
329.45	-120.878
329.71	-137.786
329.97	-133.346
330.23	-180.976
330.48	-94.294
330.74	-119.836
331.00	-123.137
331.26	-149.888
331.52	-264.033
331.78	-133.505
332.04	-154.490
332.30	-133.367
332.56	-190.209
332.82	-163.234
333.08	-129.219
333.34	-122.103
333.59	-125.496
333.85	-113.382
334.11	-145.877
334.37	-181.840
334.63	-144.485
334.89	-125.463
335.15	-149.605
335.41	-106.396
335.67	-99.899
335.93	-77.048
336.19	-105.873
336.44	-114.205
336.70	-153.863
336.96	-136.133
337.22	-134.129
337.48	-85.821
337.74	-94.902
338.00	-82.914
338.26	-151.324
338.51	-128.266
338.77	-112.618
339.03	-117.061
339.29	-124.780
339.55	-185.904
339.81	-122.135
340.07	-88.040
340.33	-100.576
340.58	-82.605
340.84	-125.797
341.10	-139.687
341.36	-133.220
341.62	-173.660
341.88	-142.020
342.14	-86.917
342.40	-105.250
342.65	-132.203
342.91	-116.616
343.17	-109.408
343.43	-107.162
343.69	-118.884
343.95	-80.946
344.21	-124.039
344.46	-100.989
344.72	-86.448
344.98	-109.911
345.24	-114.120
345.50	-124.774
345.76	-72.620
346.01	-87.215
346.27	-102.046
346.53	-80.133
346.79	-87.680
347.05	-100.000
347.31	-112.630
347.56	-89.199
347.82	-97.861
348.08	-84.870
348.34	-80.681
348.60	-117.343
348.86	-101.912
349.11	-116.495
349.37	-112.023
349.63	-99.499
349.89	-83.994
350.15	-99.301
350.40	-60.595
350.66	-123.648
350.92	-74.434
351.18	-104.803
351.44	-74.134
351.70	-79.794
351.95	-100.895
352.21	-65.267
352.47	-94.835
352.73	-76.417
352.99	-90.029
353.24	-109.505
353.50	-69.449
353.76	-105.285
354.02	-97.128
354.28	-105.078
354.53	-98.208
354.79	-62.623
355.05	-64.528
355.31	-75.767
355.57	-76.182
355.82	-87.651
356.08	-94.505
356.34	-61.276
356.60	-79.399
356.85	-79.056
357.11	-74.142
357.37	-62.786
357.63	-81.373
357.89	-76.928
358.14	-74.245
358.40	-67.867
358.66	-66.353
358.92	-63.574
359.17	-55.494
359.43	-66.105
359.69	-79.509
359.95	-81.618
360.20	-74.430
360.46	-71.850
360.72	-52.521
360.98	-63.626
361.23	-53.972
361.49	-66.727
361.75	-61.548
362.01	-76.988
362.26	-50.887
362.52	-53.911
362.78	-61.685
363.04	-69.885
363.29	-48.858
363.55	-47.509
363.81	-55.785
364.07	-62.088
364.32	-54.033
364.58	-51.006
364.84	-42.363
365.10	-49.319
365.35	-48.648
365.61	-59.600
365.87	-63.417
366.13	-41.902
366.38	-47.382
366.64	-59.209
366.90	-53.068
367.15	-43.226
367.41	-41.948
367.67	-45.750
367.93	-52.401
368.18	-41.370
368.44	-41.346
368.70	-36.449
368.95	-40.781
369.21	-42.707
369.47	-52.483
369.73	-35.973
369.98	-56.070
370.24	-38.849
370.50	-42.462
370.75	-45.739
371.01	-47.717
371.27	-44.439
371.52	-39.462
371.78	-43.848
372.04	-47.373
372.30	-37.319
372.55	-38.076
372.81	-36.457
373.07	-39.837
373.32	-41.605
373.58	-31.427
373.84	-39.985
374.09	-33.313
374.35	-36.259
374.61	-42.452
374.86	-31.708
375.12	-34.218
375.38	-32.733
375.63	-34.333
375.89	-36.077
376.15	-36.825
376.40	-36.456
376.66	-34.572
376.92	-30.090
377.17	-31.451
377.43	-30.894
377.69	-38.956
377.94	-28.083
378.20	-33.002
378.46	-33.916
378.71	-27.518
378.97	-33.659
379.23	-29.183
379.48	-28.478
379.74	-31.379
380.00	-33.373
380.25	-21.357
380.51	-29.095
380.77	-29.496
381.02	-29.217
381.28	-30.995
381.53	-28.191
381.79	-26.223
382.05	-30.356
382.30	-19.771
382.56	-28.169
382.82	-21.780
383.07	-30.685
383.33	-27.676
383.59	-26.095
383.84	-22.059
384.10	-23.345
384.35	-25.958
384.61	-24.001
384.87	-24.949
385.12	-19.599
385.38	-27.855
385.64	-23.761
385.89	-21.577
386.15	-23.928
386.40	-24.465
386.66	-23.014
386.92	-23.049
387.17	-15.033
387.43	-21.772
387.68	-23.123
387.94	-19.809
388.20	-21.303
388.45	-19.548
388.71	-19.532
388.96	-24.850
389.22	-17.073
389.48	-16.762
389.73	-19.489
389.99	-20.201
390.24	-17.945
390.50	-17.361
390.76	-20.598
391.01	-18.767
391.27	-18.540
391.52	-18.461
391.78	-20.799
392.03	-18.098
392.29	-18.492
392.55	-17.891
392.80	-18.266
393.06	-18.824
393.31	-15.449
393.57	-18.331
393.82	-16.021
394.08	-14.451
394.34	-17.014
394.59	-18.960
394.85	-17.622
395.10	-17.348
395.36	-20.324
395.61	-15.762
395.87	-13.629
396.13	-17.076
396.38	-14.878
396.64	-14.436
396.89	-16.301
397.15	-13.799
397.40	-15.342
397.66	-15.680
397.91	-16.727
398.17	-16.398
398.42	-16.110
398.68	-14.757
398.94	-16.901
399.19	-10.506
399.45	-13.650
399.70	-14.078
399.96	-10.861
400.21	-16.222
400.47	-12.897
400.72	-10.990
400.98	-11.024
401.23	-14.554
401.49	-12.012
401.74	-13.729
402.00	-13.735
402.25	-13.603
402.51	-11.620
402.76	-11.026
403.02	-12.992
403.28	-16.288
403.53	-15.027
403.79	-11.663
404.04	-12.122
404.30	-13.516
404.55	-12.822
404.81	-9.611
405.06	-12.605
405.32	-12.018
405.57	-9.466
405.83	-12.560
406.08	-8.470
406.34	-9.047
406.59	-9.906
406.85	-11.367
407.10	-11.708
407.36	-9.973
407.61	-10.003
407.87	-10.653
408.12	-8.795
408.38	-8.523
408.63	-7.656
408.88	-11.841
409.14	-8.358
409.39	-9.522
409.65	-7.100
409.90	-9.913
410.16	-10.050
410.41	-8.059
410.67	-10.000
410.92	-8.039
411.18	-10.198
411.43	-9.628
411.69	-8.447
411.94	-10.296
412.20	-6.581
412.45	-9.318
412.71	-8.201
412.96	-7.319
413.21	-8.468
413.47	-9.102
413.72	-8.301
413.98	-6.864
414.23	-5.743
414.49	-8.140
414.74	-8.630
415.00	-7.769
415.25	-8.578
415.51	-7.447
415.76	-6.719
416.01	-6.886
416.27	-7.514
416.52	-7.310
416.78	-7.677
417.03	-6.794
417.29	-9.524
417.54	-7.384
417.79	-7.740
418.05	-8.040
418.30	-6.748
418.56	-7.320
418.81	-7.037
419.07	-5.815
419.32	-6.096
419.57	-6.525
419.83	-5.808
420.08	-6.053
420.34	-6.020
420.59	-5.428
420.84	-4.035
421.10	-5.976
421.35	-5.104
421.61	-5.099
421.86	-5.390
422.12	-6.857
422.37	-4.853
422.62	-5.031
422.88	-5.923
423.13	-5.449
423.39	-5.793
423.64	-5.698
423.89	-5.581
424.15	-6.631
424.40	-4.611
424.66	-4.449
424.91	-4.785
425.16	-4.429
425.42	-4.941
425.67	-5.462
425.92	-5.256
426.18	-4.576
426.43	-5.310
426.69	-3.630
426.94	-6.358
427.19	-4.501
427.45	-4.615
427.70	-4.323
427.95	-4.815
428.21	-4.494
428.46	-4.872
428.72	-5.544
428.97	-3.394
429.22	-4.644
429.48	-4.091
429.73	-3.593
429.98	-3.472
430.24	-5.040
430.49	-3.559
430.74	-3.869
431.00	-3.905
431.25	-3.564
431.50	-2.858
431.76	-3.187
432.01	-3.246
432.27	-3.961
432.52	-2.361
432.77	-3.559
433.03	-2.674
433.28	-2.257
433.53	-2.075
433.79	-3.021
434.04	-2.264
434.29	-3.493
434.55	-2.545
434.80	-3.283
435.05	-0.611
435.31	-1.619
435.56	-2.552
435.81	-1.577
436.07	-1.280
436.32	-2.392
436.57	-2.574
436.82	-1.303
437.08	-1.693
437.33	-2.034
437.58	-1.457
437.84	-0.840
438.09	-1.381
438.34	-1.604
438.60	-1.369
438.85	-0.929
439.10	-2.003
439.36	-1.186
439.61	-1.873
439.86	-1.631
440.12	-1.539
440.37	-1.188
440.62	-1.593
440.87	-1.280
441.13	-0.660
441.38	-1.023
441.63	-1.692
441.89	-0.529
442.14	-1.387
442.39	-1.301
442.64	-0.915
442.90	-0.811
443.15	-0.464
443.40	-1.764
443.66	-1.105
443.91	-1.293
444.16	-1.429
444.41	-0.452
444.67	-0.859
444.92	-1.151
445.17	-1.077
445.42	-0.825
445.68	-0.435
445.93	-1.019
446.18	-1.117
446.44	-1.156
446.69	-0.661
446.94	-0.463
447.19	-0.952
447.45	-0.975
447.70	-0.261
447.95	0.363
448.20	0.161
448.46	-1.150
448.71	-0.756
448.96	-0.389
449.21	-0.039
449.47	-0.046
449.72	-0.345
449.97	-0.110
450.22	-0.793
450.47	-0.457
450.73	0.159
450.98	-0.372
451.23	-0.347
451.48	-0.663
451.74	-0.041
451.99	-0.074
452.24	0.040
452.49	-0.590
452.75	0.392
453.00	-0.148
453.25	-0.430
453.50	-0.210
453.75	-0.821
454.01	-0.063
454.26	-0.316
454.51	-0.539
454.76	-0.740
455.02	-0.883
455.27	-0.234
455.52	-0.892
455.77	-0.282
456.02	0.011
456.28	-0.437
456.53	-0.115
456.78	-0.406
457.03	-0.488
457.28	-0.593
457.54	-0.563
457.79	-0.405
458.04	-0.609
458.29	-0.173
458.54	-0.075
458.79	-0.137
459.05	-0.145
459.30	0.398
459.55	0.099
459.80	0.753
460.05	0.179
460.31	0.281
460.56	1.017
460.81	0.953
461.06	1.135
461.31	1.252
461.56	1.083
461.82	1.305
462.07	0.792
462.32	1.279
462.57	1.182
462.82	1.535
463.07	1.063
463.33	1.684
463.58	1.570
463.83	1.620
464.08	1.617
464.33	1.678
464.58	1.740
464.84	1.203
465.09	1.541
465.34	1.870
465.59	1.831
465.84	1.622
466.09	1.330
466.34	1.760
466.60	1.341
466.85	1.373
467.10	1.564
467.35	1.506
467.60	1.432
467.85	1.391
468.10	1.222
468.36	1.317
468.61	1.160
468.86	1.206
469.11	1.251
469.36	1.169
469.61	1.210
469.86	0.947
470.11	1.196
470.37	0.966
470.62	0.966
470.87	1.027
471.12	1.172
471.37	1.321
471.62	1.026
471.87	1.446
472.12	1.302
472.37	1.243
472.63	1.389
472.88	1.551
473.13	1.906
473.38	1.779
473.63	1.781
473.88	2.016
474.13	2.384
474.38	2.213
474.63	2.349
474.88	3.135
475.13	2.762
475.39	3.038
475.64	2.808
475.89	3.252
476.14	3.281
476.39	3.495
476.64	3.752
476.89	3.760
477.14	3.701
477.39	3.957
477.64	4.067
477.89	4.175
478.14	4.303
478.39	4.386
478.65	4.380
478.90	4.562
479.15	4.638
479.40	4.553
479.65	4.639
479.90	4.743
480.15	4.532
480.40	4.703
480.65	4.653
480.90	4.719
481.15	4.585
481.40	4.354
481.65	4.399
481.90	4.205
482.15	4.342
482.40	4.299
482.65	4.182
482.90	3.991
483.16	3.992
483.41	3.752
483.66	3.766
483.91	3.513
484.16	3.457
484.41	3.328
484.66	3.222
484.91	3.046
485.16	3.036
485.41	2.811
485.66	2.743
485.91	2.597
486.16	2.592
486.41	2.527
486.66	2.434
486.91	2.434
487.16	2.110
487.41	2.199
487.66	2.281
487.91	2.298
488.16	2.106
488.41	2.111
488.66	2.036
488.91	2.187
489.16	2.130
489.41	2.188
489.66	2.244
489.91	2.503
490.16	2.435
490.41	2.532
490.66	2.641
490.91	2.751
491.16	2.799
491.41	3.005
491.66	2.968
491.91	3.270
492.16	3.313
492.41	3.504
492.66	3.548
492.91	3.638
493.16	3.750
493.41	3.887
493.66	4.179
493.91	4.177
494.16	4.371
494.41	4.491
494.66	4.612
494.91	4.791
495.16	4.811
495.41	4.870
495.66	5.014
495.91	5.046
496.16	5.096
496.40	5.129
496.65	5.342
496.90	5.271
497.15	5.359
497.40	5.263
497.65	5.351
497.90	5.178
498.15	5.177
498.40	5.346
498.65	5.192
498.90	5.251
499.15	5.156
499.40	4.969
499.65	4.874
499.90	4.812
500.15	4.633
500.40	4.465
500.65	4.504
500.89	4.451
501.14	4.232
501.39	4.130
501.64	3.961
501.89	3.927
502.14	3.654
502.39	3.626
502.64	3.516
502.89	3.452
503.14	3.215
503.39	3.141
503.64	3.097
503.89	3.018
504.13	3.004
504.38	2.843
504.63	2.759
504.88	2.660
505.13	2.684
505.38	2.544
505.63	2.687
505.88	2.489
506.13	2.622
506.38	2.647
506.63	2.647
506.87	2.783
507.12	2.668
507.37	2.740
507.62	2.942
507.87	2.937
508.12	3.097
508.37	3.071
508.62	3.236
508.87	3.368
509.11	3.648
509.36	3.713
509.61	3.945
509.86	4.100
510.11	4.152
510.36	4.386
510.61	4.579
510.86	4.709
511.10	4.729
511.35	5.057
511.60	5.209
511.85	5.376
512.10	5.614
512.35	5.767
512.60	5.928
512.84	5.962
513.09	6.224
513.34	6.378
513.59	6.410
513.84	6.688
514.09	6.718
514.34	6.826
514.58	6.875
514.83	7.044
515.08	7.170
515.33	7.175
515.58	7.244
515.83	7.186
516.07	7.224
516.32	7.301
516.57	7.286
516.82	7.249
517.07	7.138
517.32	7.124
517.56	7.198
517.81	7.092
518.06	7.016
518.31	6.865
518.56	6.757
518.81	6.693
519.05	6.539
519.30	6.370
519.55	6.356
519.80	6.112
520.05	5.902
520.29	5.818
520.54	5.731
520.79	5.594
521.04	5.315
521.29	5.215
521.53	5.137
521.78	4.882
522.03	4.724
522.28	4.540
522.53	4.482
522.77	4.293
523.02	4.199
523.27	4.062
523.52	3.948
523.77	3.903
524.01	3.712
524.26	3.573
524.51	3.498
524.76	3.393
525.01	3.266
525.25	3.276
525.50	3.269
525.75	3.192
526.00	3.185
526.24	3.125
526.49	3.193
526.74	3.096
526.99	3.207
527.24	3.245
527.48	3.286
527.73	3.314
527.98	3.439
528.23	3.512
528.47	3.645
528.72	3.643
528.97	3.799
529.22	3.845
529.46	3.990
529.71	4.149
529.96	4.307
530.21	4.405
530.45	4.572
530.70	4.742
530.95	4.855
531.20	5.116
531.44	5.250
531.69	5.400
531.94	5.572
532.19	5.750
532.43	5.941
532.68	6.068
532.93	6.126
533.17	6.380
533.42	6.504
533.67	6.562
533.92	6.756
534.16	6.816
534.41	6.956
534.66	7.139
534.91	7.164
535.15	7.344
535.40	7.314
535.65	7.424
535.89	7.538
536.14	7.517
536.39	7.582
536.64	7.549
536.88	7.542
537.13	7.595
537.38	7.495
537.62	7.542
537.87	7.465
538.12	7.460
538.36	7.405
538.61	7.344
538.86	7.226
539.11	7.185
539.35	7.061
539.60	6.960
539.85	6.787
540.09	6.694
540.34	6.548
540.59	6.435
540.83	6.244
541.08	6.159
541.33	5.970
541.57	5.777
541.82	5.660
542.07	5.439
542.31	5.271
542.56	5.131
542.81	4.982
543.05	4.800
543.30	4.625
543.55	4.505
543.79	4.380
544.04	4.098
544.29	4.070
544.53	3.889
544.78	3.780
545.03	3.649
545.27	3.487
545.52	3.447
545.77	3.304
546.01	3.216
546.26	3.161
546.51	3.070
546.75	2.980
547.00	2.949
547.24	2.943
547.49	2.881
547.74	2.880
547.98	2.906
548.23	2.902
548.48	2.932
548.72	2.973
548.97	3.050
549.22	3.053
549.46	3.205
549.71	3.239
549.95	3.356
550.20	3.421
550.45	3.560
550.69	3.637
550.94	3.785
551.19	3.978
551.43	4.129
551.68	4.314
551.92	4.429
552.17	4.637
552.42	4.825
552.66	4.997
552.91	5.157
553.15	5.362
553.40	5.573
553.65	5.708
553.89	6.005
554.14	6.172
554.38	6.337
554.63	6.569
554.88	6.696
555.12	6.920
555.37	7.035
555.61	7.292
555.86	7.443
556.11	7.627
556.35	7.704
556.60	7.873
556.84	8.010
557.09	8.193
557.33	8.297
557.58	8.428
557.83	8.550
558.07	8.611
558.32	8.695
558.56	8.796
558.81	8.860
559.05	8.888
559.30	9.032
559.55	8.986
559.79	8.984
560.04	9.003
560.28	9.032
560.53	9.029
560.77	8.969
561.02	8.936
561.26	8.882
561.51	8.835
561.76	8.819
562.00	8.665
562.25	8.599
562.49	8.486
562.74	8.434
562.98	8.275
563.23	8.214
563.47	8.045
563.72	7.914
563.96	7.733
564.21	7.554
564.45	7.405
564.70	7.208
564.95	7.076
565.19	6.850
565.44	6.741
565.68	6.564
565.93	6.312
566.17	6.172
566.42	6.036
566.66	5.778
566.91	5.579
567.15	5.408
567.40	5.217
567.64	5.049
567.89	4.878
568.13	4.624
568.38	4.528
568.62	4.360
568.87	4.191
569.11	4.041
569.36	3.897
569.60	3.757
569.85	3.653
570.09	3.544
570.34	3.477
570.58	3.358
570.83	3.290
571.07	3.197
571.32	3.146
571.56	3.097
571.81	3.064
572.05	3.001
572.30	3.010
572.54	3.019
572.79	3.001
573.03	3.015
573.28	3.096
573.52	3.091
573.76	3.212
574.01	3.246
574.25	3.312
574.50	3.344
574.74	3.504
574.99	3.568
575.23	3.735
575.48	3.819
575.72	3.990
575.97	4.107
576.21	4.291
576.46	4.406
576.70	4.628
576.94	4.718
577.19	4.927
577.43	5.101
577.68	5.279
577.92	5.457
578.17	5.678
578.41	5.805
578.66	6.055
578.90	6.227
579.14	6.408
579.39	6.626
579.63	6.797
579.88	6.970
580.12	7.166
580.37	7.340
580.61	7.498
580.85	7.698
581.10	7.816
581.34	8.028
581.59	8.162
581.83	8.319
582.07	8.441
582.32	8.558
582.56	8.661
582.81	8.773
583.05	8.932
583.30	9.030
583.54	9.053
583.78	9.213
584.03	9.282
584.27	9.274
584.52	9.348
584.76	9.422
585.00	9.476
585.25	9.437
585.49	9.562
585.74	9.517
585.98	9.469
586.22	9.496
586.47	9.377
586.71	9.381
586.95	9.336
587.20	9.310
587.44	9.223
587.69	9.105
587.93	9.087
588.17	8.932
588.42	8.850
588.66	8.742
588.90	8.630
589.15	8.515
589.39	8.347
589.64	8.229
589.88	8.063
590.12	7.910
590.37	7.774
590.61	7.592
590.85	7.482
591.10	7.257
591.34	7.081
591.58	6.941
591.83	6.749
592.07	6.586
592.32	6.441
592.56	6.213
592.80	6.031
593.05	5.885
593.29	5.682
593.53	5.521
593.78	5.351
594.02	5.215
594.26	5.013
594.51	4.885
594.75	4.756
594.99	4.576
595.24	4.380
595.48	4.300
595.72	4.160
595.97	4.059
596.21	3.933
596.45	3.863
596.70	3.722
596.94	3.680
597.18	3.590
597.42	3.526
597.67	3.472
597.91	3.437
598.15	3.355
598.40	3.363
598.64	3.309
598.88	3.324
599.13	3.342
599.37	3.382
599.61	3.367
599.86	3.429
600.10	3.471
600.34	3.562
600.58	3.605
600.83	3.698
601.07	3.746
601.31	3.916
601.56	4.044
601.80	4.170
602.04	4.261
602.28	4.428
602.53	4.554
602.77	4.722
603.01	4.882
603.26	5.050
603.50	5.240
603.74	5.445
603.98	5.603
604.23	5.768
604.47	6.012
604.71	6.232
604.95	6.424
605.20	6.621
605.44	6.804
605.68	7.008
605.93	7.282
606.17	7.446
606.41	7.656
606.65	7.895
606.90	8.122
607.14	8.318
607.38	8.488
607.62	8.684
607.87	8.944
608.11	9.137
608.35	9.365
608.59	9.516
608.84	9.754
609.08	9.888
609.32	10.079
609.56	10.230
609.80	10.390
610.05	10.529
610.29	10.688
610.53	10.849
610.77	10.962
611.02	11.088
611.26	11.168
611.50	11.349
611.74	11.362
611.98	11.507
612.23	11.577
612.47	11.618
612.71	11.708
612.95	11.787
613.20	11.772
613.44	11.827
613.68	11.846
613.92	11.896
614.16	11.875
614.41	11.910
614.65	11.844
614.89	11.858
615.13	11.810
615.37	11.742
615.62	11.723
615.86	11.682
616.10	11.588
616.34	11.526
616.58	11.425
616.83	11.348
617.07	11.223
617.31	11.087
617.55	10.999
617.79	10.912
618.03	10.792
618.28	10.660
618.52	10.523
618.76	10.329
619.00	10.199
619.24	10.060
619.48	9.880
619.73	9.685
619.97	9.498
620.21	9.332
620.45	9.153
620.69	8.949
620.93	8.761
621.18	8.598
621.42	8.387
621.66	8.209
621.90	8.049
622.14	7.806
622.38	7.610
622.63	7.445
622.87	7.219
623.11	7.044
623.35	6.879
623.59	6.677
623.83	6.495
624.07	6.321
624.32	6.153
624.56	5.934
624.80	5.813
625.04	5.652
625.28	5.444
625.52	5.340
625.76	5.190
626.00	5.042
626.25	4.919
626.49	4.793
626.73	4.674
626.97	4.559
627.21	4.484
627.45	4.341
627.69	4.317
627.93	4.219
628.17	4.179
628.42	4.097
628.66	4.018
628.90	4.027
629.14	3.983
629.38	3.936
629.62	3.924
629.86	3.925
630.10	3.956
630.34	3.968
630.58	3.977
630.83	4.044
631.07	4.078
631.31	4.123
631.55	4.234
631.79	4.262
632.03	4.337
632.27	4.456
632.51	4.526
632.75	4.652
632.99	4.757
633.23	4.881
633.47	4.973
633.72	5.133
633.96	5.278
634.20	5.390
634.44	5.509
634.68	5.700
634.92	5.861
635.16	6.039
635.40	6.187
635.64	6.393
635.88	6.527
636.12	6.702
636.36	6.857
636.60	7.006
636.84	7.193
637.08	7.406
637.32	7.559
637.57	7.748
637.81	7.920
638.05	8.105
638.29	8.302
638.53	8.450
638.77	8.626
639.01	8.801
639.25	8.985
639.49	9.112
639.73	9.274
639.97	9.463
640.21	9.605
640.45	9.750
640.69	9.911
640.93	10.060
641.17	10.170
641.41	10.311
641.65	10.428
641.89	10.582
642.13	10.676
642.37	10.785
642.61	10.883
642.85	10.954
643.09	11.062
643.33	11.144
643.57	11.199
643.81	11.284
644.05	11.312
644.29	11.352
644.53	11.470
644.77	11.467
645.01	11.501
645.25	11.535
645.49	11.524
645.73	11.522
645.97	11.496
646.21	11.471
646.45	11.491
646.69	11.512
646.93	11.460
647.17	11.392
647.41	11.331
647.65	11.317
647.89	11.240
648.13	11.198
648.37	11.099
648.61	11.039
648.85	10.965
649.09	10.834
649.33	10.769
649.57	10.635
649.81	10.541
650.05	10.372
650.29	10.279
650.53	10.168
650.77	10.013
651.01	9.878
651.24	9.692
651.48	9.559
651.72	9.394
651.96	9.263
652.20	9.113
652.44	8.947
652.68	8.725
652.92	8.613
653.16	8.451
653.40	8.263
653.64	8.118
653.88	7.910
654.12	7.731
654.36	7.534
654.60	7.363
654.84	7.175
655.08	7.013
655.31	6.847
655.55	6.680
655.79	6.498
656.03	6.327
656.27	6.177
656.51	5.982
656.75	5.847
656.99	5.694
657.23	5.540
657.47	5.387
657.71	5.238
657.95	5.078
658.18	4.969
658.42	4.870
658.66	4.712
658.90	4.586
659.14	4.507
659.38	4.360
659.62	4.292
659.86	4.232
660.10	4.137
660.33	4.064
660.57	3.995
660.81	3.922
661.05	3.911
661.29	3.844
661.53	3.827
661.77	3.849
662.01	3.807
662.25	3.794
662.48	3.810
662.72	3.786
662.96	3.852
663.20	3.856
663.44	3.928
663.68	3.967
663.92	4.050
664.16	4.088
664.39	4.201
664.63	4.274
664.87	4.343
665.11	4.467
665.35	4.579
665.59	4.699
665.83	4.824
666.06	4.991
666.30	5.125
666.54	5.253
666.78	5.418
667.02	5.555
667.26	5.748
667.49	5.882
667.73	6.086
667.97	6.278
668.21	6.458
668.45	6.625
668.69	6.876
668.92	7.053
669.16	7.260
669.40	7.469
669.64	7.670
669.88	7.875
670.12	8.109
670.35	8.337
670.59	8.532
670.83	8.747
671.07	8.973
671.31	9.173
671.55	9.422
671.78	9.637
672.02	9.843
672.26	10.091
672.50	10.250
672.74	10.471
672.97	10.685
673.21	10.907
673.45	11.121
673.69	11.322
673.93	11.549
674.16	11.748
674.40	11.887
674.64	12.153
674.88	12.357
675.12	12.508
675.35	12.687
675.59	12.857
675.83	13.012
676.07	13.150
676.30	13.288
676.54	13.484
676.78	13.638
677.02	13.776
677.26	13.947
677.49	14.006
677.73	14.197
677.97	14.330
678.21	14.395
678.44	14.518
678.68	14.609
678.92	14.686
679.16	14.824
679.39	14.882
679.63	14.976
679.87	14.992
680.11	15.087
680.34	15.136
680.58	15.174
680.82	15.205
681.06	15.269
681.29	15.314
681.53	15.307
681.77	15.307
682.01	15.339
682.24	15.292
682.48	15.267
682.72	15.252
682.96	15.222
683.19	15.207
683.43	15.187
683.67	15.126
683.91	15.120
684.14	14.993
684.38	14.930
684.62	14.887
684.85	14.785
685.09	14.696
685.33	14.617
685.57	14.500
685.80	14.395
686.04	14.281
686.28	14.199
686.51	14.057
686.75	13.982
686.99	13.755
687.23	13.648
687.46	13.493
687.70	13.377
687.94	13.169
688.17	13.041
688.41	12.867
688.65	12.731
688.88	12.512
689.12	12.352
689.36	12.152
689.59	11.964
689.83	11.789
690.07	11.580
690.31	11.333
690.54	11.150
690.78	10.944
691.02	10.757
691.25	10.574
691.49	10.308
691.73	10.141
691.96	9.886
692.20	9.688
692.44	9.431
692.67	9.303
692.91	9.003
693.15	8.789
693.38	8.601
693.62	8.389
693.86	8.163
694.09	7.942
694.33	7.710
694.57	7.480
694.80	7.300
695.04	7.057
695.27	6.870
695.51	6.647
695.75	6.463
695.98	6.255
696.22	6.048
696.46	5.849
696.69	5.660
696.93	5.509
697.17	5.325
697.40	5.138
697.64	4.959
697.87	4.769
698.11	4.631
698.35	4.466
698.58	4.340
698.82	4.185
699.06	4.049
699.29	3.930
699.53	3.823
699.76	3.682
700.00	3.585
700.24	3.486
700.47	3.408
700.71	3.264
700.94	3.256
701.18	3.159
701.42	3.092
701.65	3.015
701.89	2.980
702.13	2.963
702.36	2.935
702.60	2.909
702.83	2.883
703.07	2.873
703.30	2.901
703.54	2.895
703.78	2.920
704.01	2.944
704.25	2.965
704.48	3.014
704.72	3.075
704.96	3.106
705.19	3.183
705.43	3.249
705.66	3.320
705.90	3.393
706.13	3.514
706.37	3.619
706.61	3.742
706.84	3.865
707.08	3.934
707.31	4.081
707.55	4.218
707.78	4.331
708.02	4.477
708.25	4.658
708.49	4.751
708.73	4.904
708.96	5.112
709.20	5.240
709.43	5.437
709.67	5.636
709.90	5.778
710.14	5.952
710.37	6.144
710.61	6.308
710.84	6.509
711.08	6.672
711.32	6.801
711.55	7.001
711.79	7.235
712.02	7.422
712.26	7.612
712.49	7.773
712.73	7.980
712.96	8.156
713.20	8.341
713.43	8.543
713.67	8.722
713.90	8.881
714.14	9.083
714.37	9.278
714.61	9.478
714.84	9.649
715.08	9.840
715.31	9.974
715.55	10.166
715.78	10.331
716.02	10.502
716.25	10.668
716.49	10.830
716.72	10.958
716.96	11.125
717.19	11.281
717.43	11.388
717.66	11.571
717.90	11.680
718.13	11.810
718.37	11.944
718.60	12.135
718.84	12.172
719.07	12.283
719.31	12.402
719.54	12.563
719.78	12.648
720.01	12.718
720.25	12.831
720.48	12.921
720.71	12.996
720.95	13.052
721.18	13.151
721.42	13.222
721.65	13.330
721.89	13.393
722.12	13.433
722.36	13.421
722.59	13.513
722.83	13.540
723.06	13.559
723.29	13.615
723.53	13.679
723.76	13.642
724.00	13.710
724.23	13.680
724.47	13.694
724.70	13.731
724.94	13.681
725.17	13.687
725.40	13.689
725.64	13.659
725.87	13.641
726.11	13.582
726.34	13.560
726.58	13.502
726.81	13.476
727.04	13.435
727.28	13.357
727.51	13.299
727.75	13.315
727.98	13.189
728.21	13.138
728.45	13.024
728.68	12.992
728.92	12.905
729.15	12.816
729.38	12.718
729.62	12.629
729.85	12.500
730.09	12.483
730.32	12.321
730.55	12.244
730.79	12.084
731.02	11.967
731.26	11.880
731.49	11.746
731.72	11.625
731.96	11.517
732.19	11.364
732.43	11.282
732.66	11.150
732.89	11.024
733.13	10.891
733.36	10.796
733.59	10.608
733.83	10.489
734.06	10.328
734.30	10.204
734.53	10.024
734.76	9.919
735.00	9.783
735.23	9.639
735.46	9.511
735.70	9.395
735.93	9.230
736.16	9.110
736.40	8.948
736.63	8.890
736.86	8.729
737.10	8.588
737.33	8.457
737.57	8.339
737.80	8.245
738.03	8.096
738.27	7.982
738.50	7.834
738.73	7.765
738.97	7.628
739.20	7.493
739.43	7.432
739.67	7.336
739.90	7.204
740.13	7.094
740.37	7.049
740.60	6.906
740.83	6.800
741.06	6.762
741.30	6.671
741.53	6.608
741.76	6.484
742.00	6.449
742.23	6.375
742.46	6.334
742.70	6.261
742.93	6.218
743.16	6.167
743.40	6.110
743.63	6.080
743.86	6.047
744.09	6.021
744.33	5.990
744.56	5.955
744.79	5.898
745.03	5.911
745.26	5.896
745.49	5.920
745.72	5.891
745.96	5.950
746.19	5.892
746.42	5.912
746.66	5.918
746.89	5.941
747.12	5.983
747.35	6.016
747.59	6.050
747.82	6.100
748.05	6.147
748.28	6.173
748.52	6.246
748.75	6.317
748.98	6.354
749.22	6.388
749.45	6.500
749.68	6.580
749.91	6.597
750.15	6.748
750.38	6.817
750.61	6.921
750.84	7.004
751.08	7.058
751.31	7.177
751.54	7.316
751.77	7.368
752.00	7.472
752.24	7.566
752.47	7.726
752.70	7.856
752.93	7.952
753.17	8.050
753.40	8.209
753.63	8.265
753.86	8.463
754.10	8.571
754.33	8.630
754.56	8.806
754.79	8.959
755.02	9.055
755.26	9.184
755.49	9.330
755.72	9.434
755.95	9.601
756.18	9.724
756.42	9.870
756.65	9.994
756.88	10.102
757.11	10.236
757.34	10.389
757.58	10.481
757.81	10.621
758.04	10.761
758.27	10.865
758.50	11.009
758.74	11.139
758.97	11.246
759.20	11.382
759.43	11.518
759.66	11.588
759.90	11.794
760.13	11.867
760.36	11.995
760.59	12.078
760.82	12.202
761.05	12.291
761.29	12.367
761.52	12.521
761.75	12.611
761.98	12.627
762.21	12.783
762.44	12.898
762.68	13.025
762.91	13.057
763.14	13.157
763.37	13.252
763.60	13.337
763.83	13.323
764.06	13.500
764.30	13.572
764.53	13.623
764.76	13.639
764.99	13.711
765.22	13.791
765.45	13.817
765.68	13.884
765.92	13.939
766.15	13.966
766.38	14.047
766.61	14.012
766.84	14.120
767.07	14.135
767.30	14.205
767.53	14.201
767.77	14.218
768.00	14.213
768.23	14.259
768.46	14.198
768.69	14.216
768.92	14.224
769.15	14.239
769.38	14.200
769.62	14.173
769.85	14.162
770.08	14.191
770.31	14.125
770.54	14.190
770.77	14.142
771.00	14.101
771.23	14.037
771.46	14.050
771.69	13.998
771.92	13.971
772.16	13.854
772.39	13.838
772.62	13.775
772.85	13.714
773.08	13.659
773.31	13.652
773.54	13.547
773.77	13.455
774.00	13.393
774.23	13.364
774.46	13.266
774.69	13.189
774.92	13.113
775.16	13.026
775.39	12.908
775.62	12.806
775.85	12.721
776.08	12.625
776.31	12.517
776.54	12.477
776.77	12.332
777.00	12.257
777.23	12.129
777.46	12.015
777.69	11.913
777.92	11.753
778.15	11.665
778.38	11.518
778.61	11.454
778.84	11.334
779.07	11.252
779.30	11.118
779.53	10.957
779.76	10.795
780.00	10.722
780.23	10.574
780.46	10.433
780.69	10.244
780.92	10.149
781.15	10.037
781.38	9.870
781.61	9.775
781.84	9.651
782.07	9.525
782.30	9.317
782.53	9.201
782.76	9.060
782.99	8.969
783.22	8.776
783.45	8.635
783.68	8.524
783.91	8.417
784.14	8.246
784.37	8.112
784.60	7.975
784.83	7.855
785.06	7.725
785.29	7.593
785.52	7.455
785.75	7.314
785.98	7.196
786.21	7.095
786.44	6.951
786.67	6.826
786.90	6.712
787.13	6.588
787.36	6.470
787.59	6.323
787.81	6.247
788.04	6.089
788.27	5.991
788.50	5.909
788.73	5.835
788.96	5.722
789.19	5.568
789.42	5.505
789.65	5.439
789.88	5.378
790.11	5.317
790.34	5.196
790.57	5.124
790.80	5.079
791.03	4.997
791.26	4.992
791.49	4.828
791.72	4.812
791.95	4.742
792.18	4.703
792.41	4.659
792.63	4.581
792.86	4.591
793.09	4.546
793.32	4.527
793.55	4.509
793.78	4.477
794.01	4.487
794.24	4.434
794.47	4.439
794.70	4.428
794.93	4.449
795.16	4.432
795.39	4.461
795.61	4.467
795.84	4.498
796.07	4.487
796.30	4.545
796.53	4.589
796.76	4.636
796.99	4.626
797.22	4.682
797.45	4.716
797.68	4.774
797.90	4.795
798.13	4.887
798.36	4.954
798.59	5.023
798.82	5.085
799.05	5.182
799.28	5.252
799.51	5.349
799.74	5.367
799.96	5.503
800.19	5.562
800.42	5.691
800.65	5.753
800.88	5.842
801.11	5.920
801.34	6.019
801.56	6.130
801.79	6.262
802.02	6.355
802.25	6.456
802.48	6.619
802.71	6.685
802.94	6.823
803.16	6.957
803.39	7.046
803.62	7.190
803.85	7.336
804.08	7.455
804.31	7.543
804.54	7.709
804.76	7.817
804.99	7.971
805.22	8.069
805.45	8.236
805.68	8.398
805.91	8.482
806.13	8.637
806.36	8.765
806.59	8.867
806.82	9.055
807.05	9.132
807.28	9.330
807.50	9.425
807.73	9.574
807.96	9.663
808.19	9.791
808.42	9.908
808.64	10.140
808.87	10.260
809.10	10.381
809.33	10.518
809.56	10.641
809.78	10.749
810.01	10.895
810.24	11.005
810.47	11.140
810.70	11.265
810.92	11.424
811.15	11.466
811.38	11.635
811.61	11.722
811.84	11.864
812.06	12.000
812.29	12.131
812.52	12.179
812.75	12.309
812.98	12.399
813.20	12.524
813.43	12.614
813.66	12.693
813.89	12.829
814.11	12.911
814.34	13.019
814.57	13.108
814.80	13.174
815.02	13.317
815.25	13.414
815.48	13.511
815.71	13.551
815.93	13.698
816.16	13.756
816.39	13.836
816.62	13.898
816.84	13.929
817.07	14.006
817.30	14.048
817.53	14.109
817.75	14.187
817.98	14.204
818.21	14.313
818.44	14.340
818.66	14.440
818.89	14.397
819.12	14.474
819.35	14.484
819.57	14.555
819.80	14.576
820.03	14.663
820.25	14.668
820.48	14.709
820.71	14.756
820.94	14.748
821.16	14.765
821.39	14.727
821.62	14.775
821.84	14.793
822.07	14.761
822.30	14.809
822.53	14.848
822.75	14.783
822.98	14.817
823.21	14.855
823.43	14.802
823.66	14.738
823.89	14.733
824.11	14.758
824.34	14.748
824.57	14.724
824.80	14.661
825.02	14.613
825.25	14.581
825.48	14.603
825.70	14.457
825.93	14.518
826.16	14.485
826.38	14.436
826.61	14.379
826.84	14.327
827.06	14.248
827.29	14.247
827.52	14.160
827.74	14.168
827.97	14.013
828.20	13.957
828.42	13.904
828.65	13.770
828.88	13.722
829.10	13.620
829.33	13.563
829.56	13.515
829.78	13.400
830.01	13.355
830.23	13.231
830.46	13.206
830.69	13.071
830.91	12.986
831.14	12.858
831.37	12.714
831.59	12.655
831.82	12.604
832.05	12.506
832.27	12.391
832.50	12.254
832.72	12.216
832.95	12.076
833.18	12.003
833.40	11.865
833.63	11.799
833.86	11.651
834.08	11.501
834.31	11.418
834.53	11.340
834.76	11.179
834.99	11.114
835.21	10.914
835.44	10.841
835.66	10.734
835.89	10.646
836.12	10.484
836.34	10.372
836.57	10.247
836.79	10.110
837.02	9.922
837.25	9.850
837.47	9.688
837.70	9.672
837.92	9.450
838.15	9.385
838.37	9.194
838.60	9.137
838.83	9.029
839.05	8.903
839.28	8.769
839.50	8.693
839.73	8.483
839.95	8.404
840.18	8.272
840.41	8.206
840.63	8.065
840.86	7.919
841.08	7.801
841.31	7.638
841.53	7.575
841.76	7.475
841.99	7.343
842.21	7.258
842.44	7.089
842.66	7.003
842.89	6.926
843.11	6.801
843.34	6.719
843.56	6.662
843.79	6.491
844.01	6.412
844.24	6.379
844.46	6.235
844.69	6.110
844.92	6.077
845.14	6.029
845.37	5.884
845.59	5.787
845.82	5.732
846.04	5.645
846.27	5.586
846.49	5.480
846.72	5.420
846.94	5.325
847.17	5.278
847.39	5.195
847.62	5.157
847.84	5.169
848.07	5.021
848.29	5.018
848.52	4.960
848.74	4.946
848.97	4.843
849.19	4.827
849.42	4.803
849.64	4.735
849.87	4.688
850.09	4.695
850.32	4.634
850.54	4.645
850.77	4.664
850.99	4.624
851.22	4.594
851.44	4.577
851.67	4.592
851.89	4.546
852.11	4.559
852.34	4.590
852.56	4.555
852.79	4.601
853.01	4.615
853.24	4.641
853.46	4.617
853.69	4.677
853.91	4.734
854.14	4.694
854.36	4.695
854.59	4.745
854.81	4.793
855.03	4.868
855.26	4.865
855.48	4.878
855.71	5.019
855.93	4.996
856.16	5.085
856.38	5.127
856.61	5.128
856.83	5.231
857.05	5.302
857.28	5.358
857.50	5.424
857.73	5.484
857.95	5.531
858.18	5.604
858.40	5.679
858.62	5.779
858.85	5.844
859.07	5.972
859.30	6.064
859.52	6.101
859.74	6.155
859.97	6.273
860.19	6.346
860.42	6.456
860.64	6.587
860.86	6.661
861.09	6.710
861.31	6.799
861.54	6.879
861.76	7.001
861.98	7.085
862.21	7.210
862.43	7.298
862.66	7.481
862.88	7.474
863.10	7.659
863.33	7.723
863.55	7.858
863.78	7.923
864.00	8.076
864.22	8.154
864.45	8.255
864.67	8.375
864.89	8.471
865.12	8.620
865.34	8.741
865.57	8.794
865.79	8.951
866.01	9.015
866.24	9.125
866.46	9.256
866.68	9.360
866.91	9.411
867.13	9.521
867.35	9.617
867.58	9.777
867.80	9.837
868.02	9.997
868.25	10.169
868.47	10.195
868.69	10.317
868.92	10.371
869.14	10.584
869.36	10.591
869.59	10.681
869.81	10.806
870.03	10.937
870.26	10.948
870.48	11.128
870.70	11.150
870.93	11.325
871.15	11.317
871.37	11.446
871.60	11.550
871.82	11.638
872.04	11.771
872.27	11.863
872.49	11.868
872.71	11.949
872.94	12.053
873.16	12.162
873.38	12.284
873.60	12.380
873.83	12.410
874.05	12.517
874.27	12.570
874.50	12.655
874.72	12.670
874.94	12.839
875.16	12.817
875.39	12.892
875.61	13.007
875.83	13.059
876.06	13.092
876.28	13.193
876.50	13.178
876.72	13.324
876.95	13.359
877.17	13.423
877.39	13.532
877.61	13.616
877.84	13.652
878.06	13.662
878.28	13.691
878.51	13.800
878.73	13.784
878.95	13.837
879.17	13.904
879.40	13.985
879.62	13.970
879.84	14.033
880.06	14.060
880.29	14.185
880.51	14.142
880.73	14.172
880.95	14.205
881.18	14.245
881.40	14.232
881.62	14.327
881.84	14.363
882.06	14.443
882.29	14.461
882.51	14.537
882.73	14.424
882.95	14.470
883.18	14.489
883.40	14.612
883.62	14.595
883.84	14.624
884.06	14.553
884.29	14.609
884.51	14.570
884.73	14.576
884.95	14.774
885.17	14.736
885.40	14.658
885.62	14.755
885.84	14.683
886.06	14.765
886.28	14.719
886.51	14.713
886.73	14.747
886.95	14.673
887.17	14.738
887.39	14.707
887.62	14.674
887.84	14.716
888.06	14.658
888.28	14.782
888.50	14.693
888.73	14.608
888.95	14.556
889.17	14.622
889.39	14.514
889.61	14.522
889.83	14.504
890.06	14.470
890.28	14.307
890.50	14.270
890.72	14.239
890.94	14.208
891.16	14.142
891.39	14.008
891.61	13.958
891.83	13.880
892.05	13.801
892.27	13.685
892.49	13.701
892.71	13.560
892.94	13.441
893.16	13.402
893.38	13.302
893.60	13.335
893.82	13.095
894.04	13.067
894.26	12.959
894.48	12.820
894.71	12.676
894.93	12.610
895.15	12.487
895.37	12.362
895.59	12.340
895.81	12.214
896.03	12.042
896.25	11.922
896.48	11.832
896.70	11.746
896.92	11.589
897.14	11.534
897.36	11.307
897.58	11.207
897.80	11.131
898.02	11.056
898.24	10.795
898.46	10.824
898.69	10.663
898.91	10.561
899.13	10.450
899.35	10.382
899.57	10.224
899.79	10.091
900.01	9.994
900.23	9.837
900.45	9.746
900.67	9.624
900.89	9.500
901.12	9.432
901.34	9.296
901.56	9.171
901.78	9.029
902.00	9.017
902.22	8.816
902.44	8.806
902.66	8.676
902.88	8.502
903.10	8.377
903.32	8.333
903.54	8.292
903.76	8.127
903.98	8.102
904.20	7.977
904.42	7.868
904.64	7.883
904.86	7.746
905.09	7.595
905.31	7.520
905.53	7.414
905.75	7.414
905.97	7.199
906.19	7.190
906.41	7.054
906.63	7.030
906.85	6.964
907.07	6.853
907.29	6.765
907.51	6.645
907.73	6.571
907.95	6.519
908.17	6.451
908.39	6.452
908.61	6.377
908.83	6.355
909.05	6.253
909.27	6.236
909.49	6.182
909.71	6.069
909.93	6.066
910.15	5.950
910.37	5.940
910.59	5.893
910.81	5.864
911.03	5.917
911.25	5.824
911.47	5.854
911.69	5.776
911.91	5.727
912.13	5.716
912.35	5.766
912.57	5.664
912.79	5.676
913.01	5.690
913.23	5.641
913.45	5.725
913.67	5.632
913.89	5.641
914.11	5.703
914.33	5.722
914.55	5.707
914.77	5.712
914.99	5.776
915.20	5.911
915.42	5.943
915.64	5.929
915.86	5.987
916.08	5.996
916.30	6.019
916.52	6.227
916.74	6.202
916.96	6.339
917.18	6.345
917.40	6.512
917.62	6.499
917.84	6.693
918.06	6.793
918.28	6.836
918.50	6.905
918.72	7.181
918.93	7.280
919.15	7.422
919.37	7.601
919.59	7.752
919.81	7.935
920.03	8.089
920.25	8.196
920.47	8.534
920.69	8.570
920.91	8.980
921.13	9.175
921.35	9.393
921.56	9.541
921.78	9.934
922.00	10.158
922.22	10.404
922.44	10.695
922.66	10.976
922.88	11.307
923.10	11.532
923.32	11.883
923.54	12.146
923.75	12.381
923.97	12.756
924.19	13.210
924.41	13.424
924.63	13.697
924.85	14.043
925.07	14.263
925.29	14.734
925.50	14.793
925.72	15.092
925.94	15.483
926.16	15.910
926.38	15.989
926.60	16.296
926.82	16.439
927.03	16.733
927.25	16.934
927.47	17.366
927.69	17.311
927.91	17.431
928.13	17.638
928.35	17.700
928.56	18.067
928.78	18.044
929.00	18.133
929.22	18.078
929.44	18.347
929.66	18.434
929.87	18.348
930.09	18.439
930.31	18.330
930.53	18.587
930.75	18.542
930.97	18.500
931.18	18.472
931.40	18.394
931.62	18.418
931.84	18.531
932.06	18.631
932.28	18.507
932.49	18.418
932.71	18.633
932.93	18.565
933.15	18.654
933.37	18.564
933.58	18.716
933.80	18.776
934.02	18.930
934.24	18.618
934.46	18.783
934.67	18.706
934.89	19.030
935.11	18.907
935.33	18.882
935.55	19.022
935.76	19.005
935.98	19.061
936.20	19.150
936.42	19.112
936.63	19.235
936.85	19.344
937.07	19.486
937.29	19.409
937.51	19.585
937.72	19.616
937.94	19.743
938.16	19.717
938.38	19.812
938.59	19.941
938.81	20.067
939.03	20.143
939.25	20.170
939.46	20.290
939.68	20.290
939.90	20.386
940.12	20.618
940.33	20.574
940.55	20.790
940.77	20.665
940.99	21.059
941.20	21.027
941.42	21.137
941.64	21.189
941.86	21.543
942.07	21.646
942.29	21.851
942.51	21.781
942.72	21.945
942.94	21.949
943.16	22.125
943.38	22.242
943.59	22.360
943.81	22.354
944.03	22.574
944.24	22.524
944.46	23.018
944.68	22.921
944.90	23.131
945.11	23.234
945.33	23.403
945.55	23.482
945.76	23.822
945.98	23.688
946.20	24.018
946.41	23.912
946.63	24.312
946.85	24.301
947.07	24.624
947.28	24.542
947.50	24.968
947.72	24.899
947.93	25.138
948.15	25.384
948.37	25.448
948.58	25.760
948.80	25.814
949.02	26.130
949.23	26.106
949.45	26.298
949.67	26.570
949.88	26.579
950.10	26.798
950.32	27.009
950.53	27.364
950.75	27.424
950.97	27.837
951.18	27.920
951.40	28.216
951.62	28.352
951.83	28.733
952.05	28.914
952.27	29.218
952.48	29.344
952.70	29.409
952.91	29.938
953.13	30.430
953.35	30.493
953.56	30.998
953.78	31.079
954.00	31.638
954.21	31.587
954.43	32.163
954.64	32.592
954.86	33.025
955.08	33.423
955.29	33.644
955.51	33.981
955.73	34.779
955.94	35.243
956.16	35.592
956.37	35.846
956.59	36.716
956.81	37.225
957.02	37.843
957.24	37.950
957.45	38.953
957.67	39.376
957.89	40.378
958.10	40.925
958.32	42.033
958.53	42.845
958.75	43.452
958.97	43.531
959.18	45.328
959.40	46.240
959.61	47.239
959.83	48.293
960.04	49.655
960.26	50.154
960.48	51.461
960.69	53.211
960.91	54.233
961.12	55.716
961.34	57.490
961.55	58.820
961.77	60.843
961.99	61.966
962.20	64.500
962.42	65.660
962.63	68.456
962.85	69.985
963.06	72.577
963.28	74.322
963.49	77.765
963.71	79.141
963.93	82.559
964.14	84.110
964.36	88.612
964.57	91.767
964.79	94.678
965.00	97.941
965.22	100.863
965.43	104.739
965.65	107.594
965.86	112.370
966.08	115.121
966.29	118.856
966.51	123.564
966.72	126.649
966.94	128.426
967.15	133.609
967.37	134.570
967.58	138.170
967.80	142.194
968.01	142.529
968.23	147.739
968.44	146.044
968.66	148.670
968.87	149.687
969.09	148.212
969.30	148.770
969.52	148.847
969.73	145.514
969.95	146.868
970.16	143.181
970.38	141.857
970.59	138.090
970.81	135.908
971.02	129.942
971.24	128.354
971.45	122.453
971.67	120.832
971.88	116.098
972.10	113.006
972.31	106.733
972.53	104.657
972.74	98.839
972.96	96.746
973.17	94.040
973.39	88.291
973.60	85.270
973.81	82.696
974.03	79.797
974.24	76.514
974.46	74.307
974.67	72.075
974.89	68.161
975.10	66.568
975.32	63.006
975.53	60.559
975.74	60.211
975.96	57.458
976.17	54.898
976.39	53.185
976.60	50.807
976.82	50.844
977.03	48.454
977.25	47.413
977.46	45.123
977.67	44.098
977.89	42.248
978.10	41.876
978.32	40.250
978.53	38.062
978.74	37.393
978.96	36.508
979.17	36.146
979.39	34.575
979.60	33.649
979.81	33.117
980.03	31.920
980.24	30.908
980.46	30.041
980.67	30.378
980.88	28.627
981.10	28.377
981.31	27.567
981.53	26.628
981.74	26.209
981.95	25.999
982.17	25.001
982.38	24.793
982.60	23.019
982.81	23.910
983.02	22.977
983.24	23.135
983.45	22.020
983.66	20.801
983.88	21.323
984.09	20.820
984.31	20.393
984.52	19.782
984.73	19.684
984.95	19.694
985.16	18.426
985.37	18.011
985.59	17.777
985.80	17.660
986.01	17.377
986.23	17.336
986.44	16.770
986.65	16.422
986.87	16.166
987.08	16.454
987.29	15.615
987.51	15.136
987.72	14.810
987.93	15.110
988.15	14.614
988.36	15.171
988.57	14.543
988.79	14.673
989.00	14.135
989.21	14.215
989.43	13.508
989.64	13.912
989.85	13.611
990.07	13.723
990.28	12.821
990.49	12.863
990.71	12.861
990.92	12.610
991.13	12.824
991.35	12.342
991.56	12.668
991.77	12.195
991.98	12.820
992.20	12.730
992.41	12.125
992.62	12.833
992.84	12.438
993.05	11.884
993.26	11.686
993.47	12.803
993.69	11.977
993.90	11.591
994.11	13.334
994.33	11.389
994.54	12.334
994.75	12.374
994.96	11.874
995.18	12.473
995.39	11.610
995.60	11.592
995.81	12.182
996.03	12.563
996.24	13.673
996.45	12.654
996.66	13.299
996.88	14.168
997.09	14.343
997.30	13.983
997.51	13.444
997.73	15.216
997.94	14.690
998.15	15.593
998.36	15.657
998.58	14.209
998.79	16.707
999.00	16.188
999.21	16.566
999.43	17.922
999.64	18.142
999.85	18.378
1000.06	18.125
1000.28	19.409
1000.49	19.047
1000.70	19.759
1000.91	20.314
1001.12	20.640
1001.34	22.440
1001.55	21.424
1001.76	23.492
1001.97	26.242
1002.18	27.847
1002.40	27.029
1002.61	27.181
1002.82	29.602
1003.03	30.308
1003.24	33.089
1003.46	36.747
1003.67	36.710
1003.88	36.842
1004.09	39.224
1004.30	43.587
1004.52	44.246
1004.73	41.202
1004.94	46.081
1005.15	48.064
1005.36	51.252
1005.57	53.427
1005.79	56.505
1006.00	60.646
1006.21	64.247
1006.42	64.386
1006.63	72.726
1006.84	74.199
1007.06	77.894
1007.27	78.792
1007.48	80.556
1007.69	88.255
1007.90	95.877
1008.11	91.310
1008.33	101.833
1008.54	103.759
1008.75	107.488
1008.96	108.144
1009.17	115.120
1009.38	115.281
1009.59	119.126
1009.81	116.123
1010.02	120.359
1010.23	119.523
1010.44	119.680
1010.65	119.252
1010.86	130.325
1011.07	131.816
1011.28	122.422
1011.50	125.680
1011.71	120.840
1011.92	115.706
1012.13	122.031
1012.34	109.949
1012.55	110.907
1012.76	108.437
1012.97	110.749
1013.18	104.981
1013.40	110.777
1013.61	104.645
1013.82	103.802
1014.03	99.840
1014.24	95.001
1014.45	86.038
1014.66	89.692
1014.87	87.721
1015.08	85.306
1015.29	86.025
1015.51	81.312
1015.72	80.709
1015.93	76.426
1016.14	74.336
1016.35	70.081
1016.56	73.349
1016.77	65.520
1016.98	72.666
1017.19	67.760
1017.40	66.112
1017.61	65.774
1017.82	62.479
1018.03	63.520
1018.24	62.593
1018.46	58.282
1018.67	59.280
1018.88	57.889
1019.09	56.376
1019.30	54.146
1019.51	52.588
1019.72	55.064
1019.93	52.876
1020.14	51.142
1020.35	49.604
1020.56	49.424
1020.77	48.063
1020.98	50.512
1021.19	49.960
1021.40	48.489
1021.61	48.436
1021.82	46.995
1022.03	46.262
1022.24	45.568
1022.45	43.444
1022.66	45.443
1022.87	41.372
1023.08	43.574
1023.29	41.332
1023.50	43.010
1023.71	41.535
1023.92	43.043
1024.13	39.584
1024.34	41.130
1024.55	41.619
1024.76	42.506
1024.97	41.184
1025.18	39.667
1025.39	40.298
1025.60	40.195
1025.81	38.818
1026.02	38.388
1026.23	38.564
1026.44	37.872
1026.65	39.103
1026.86	37.643
1027.07	36.275
1027.28	36.602
1027.49	38.244
1027.70	36.735
1027.91	37.666
1028.12	37.306
1028.33	34.605
1028.54	35.715
1028.75	34.914
1028.96	36.944
1029.17	34.902
1029.38	36.196
1029.59	35.610
1029.80	36.701
1030.01	36.177
1030.22	34.451
1030.43	34.720
1030.64	34.545
1030.85	36.522
1031.06	34.591
1031.27	34.659
1031.47	34.586
1031.68	34.917
1031.89	35.643
1032.10	34.791
1032.31	35.010
1032.52	33.307
1032.73	34.254
1032.94	33.848
1033.15	33.608
1033.36	33.793
1033.57	32.831
1033.78	34.715
1033.99	34.071
1034.19	32.919
1034.40	35.318
1034.61	32.654
1034.82	34.600
1035.03	32.726
1035.24	32.923
1035.45	32.902
1035.66	31.147
1035.87	33.751
1036.08	32.991
1036.29	32.301
1036.49	33.870
1036.70	32.726
1036.91	31.941
1037.12	32.598
1037.33	32.858
1037.54	31.675
1037.75	32.261
1037.96	32.763
1038.17	33.299
1038.37	32.596
1038.58	30.338
1038.79	32.251
1039.00	33.246
1039.21	32.418
1039.42	30.859
1039.63	32.564
1039.83	32.238
1040.04	30.483
1040.25	31.098
1040.46	31.878
1040.67	33.125
1040.88	32.998
1041.09	30.841
1041.29	32.680
1041.50	32.127
1041.71	32.555
1041.92	31.089
1042.13	30.770
1042.34	31.633
1042.55	32.309
1042.75	30.027
1042.96	30.653
1043.17	32.095
1043.38	31.972
1043.59	31.335
1043.80	28.508
1044.00	30.963
1044.21	29.260
1044.42	32.534
1044.63	31.226
1044.84	32.770
1045.04	31.478
1045.25	29.464
1045.46	30.838
1045.67	28.702
1045.88	31.242
1046.08	32.535
1046.29	30.214
1046.50	28.675
1046.71	31.541
1046.92	33.864
1047.12	31.307
1047.33	29.754
1047.54	30.786
1047.75	28.055
1047.96	31.720
1048.16	32.387
1048.37	33.851
1048.58	32.308
1048.79	28.549
1049.00	31.342
1049.20	29.325
1049.41	29.928
1049.62	30.815
1049.83	31.494
1050.03	29.103
1050.24	29.119
1050.45	29.836
1050.66	32.248
1050.86	27.516
1051.07	30.131
1051.28	26.920
1051.49	30.003
1051.69	31.094
1051.90	27.634
1052.11	31.642
1052.32	30.973
1052.52	27.221
1052.73	30.747
1052.94	30.978
1053.15	31.998
1053.35	25.809
1053.56	33.179
1053.77	31.323
1053.98	30.079
1054.18	28.660
1054.39	30.457
1054.60	30.578
1054.81	29.036
1055.01	29.141
1055.22	22.319
1055.43	23.412
1055.63	29.360
1055.84	21.012
1056.05	30.646
1056.26	28.834
1056.46	23.032
1056.67	30.714
1056.88	25.581
1057.08	35.757
1057.29	14.737
1057.50	31.898
1057.70	27.993
1057.91	26.526
1058.12	26.238
1058.33	30.140
1058.53	24.151
1058.74	24.696
1058.95	26.597
1059.15	21.314
1059.36	23.012
1059.57	25.222
1059.77	22.829
1059.98	17.754
1060.19	22.859
1060.39	18.515
1060.60	20.634
1060.81	22.878
1061.01	16.824
1061.22	17.802
1061.43	23.964
1061.63	21.259
1061.84	22.782
1062.05	9.659
1062.25	22.945
1062.46	16.202
1062.67	13.607
1062.87	21.432
1063.08	14.996
1063.29	9.607
1063.49	6.905
1063.70	-3.186
